70.0
71.0
73.0
82.0
89.0
90.0
90.0
90.0
90.0
91.0
91.0
91.0
90.0
89.0
89.0
88.0
87.0
88.0
88.0
89.0
89.0
90.0
90.0
90.0
88.0
87.0
87.0
88.0
93.0
96.0
103.0
107.0
109.0
112.0
115.0
116.0
118.0
114.0
107.0
101.0
96.0
92.0
92.0
92.0
91.0
91.0
91.0
91.0
91.0
91.0
90.0
90.0
89.0
88.0
88.0
88.0
87.0
89.0
90.0
91.0
92.0
93.0
93.0
90.0
88.0
87.0
87.0
84.0
82.0
80.0
77.0
75.0
75.0
77.0
78.0
79.0
78.0
80.0
81.0
81.0
83.0
84.0
82.0
82.0
82.0
82.0
83.0
82.0
83.0
84.0
86.0
86.0
86.0
87.0
87.0
86.0
84.0
84.0
83.0
84.0
