85.00770562
85.00770562
85.14415425
85.28060288
85.28060288
85.28060288
85.41705151
85.14415425
85.00770562
84.87125699
84.73480836
84.59835973
84.59835973
85.00770562
85.28060288
85.41705151
85.41705151
85.8263974
86.09929467
86.37219193
86.78153782
87.05443508
87.05443508
86.78153782
86.64508919
86.50864056
86.64508919
86.37219193
86.2357433
86.2357433
85.96284604
85.8263974
86.09929467
86.09929467
86.09929467
86.09929467
85.96284604
86.09929467
85.96284604
85.8263974
85.55350014
85.55350014
85.55350014
85.41705151
85.41705151
85.55350014
85.8263974
85.8263974
85.96284604
